c PicoSAT SAT Solver Version 960
c Copyright (c) 2006 - 2014 Armin Biere JKU Linz
c gcc -Wall -Wextra -DNDEBUG -O3
c
c using 2 as default phase
c
c parsing vars-300-2.cnf
c parsed header 'p cnf 300 1275'
c initialized 300 variables
c found 1275 non trivial clauses
c
c random number generator seed 0
c 
c  seconds     variables   original    learned     agility
c         level        used      conflicts    limit          MB
c 
c s   0.0   0.0   300   0.0  1275     0     0     0   0.0   0.1 
c 
c initial reduction limit 1000 clauses
c 
c +   0.0  25.0   300  89.0  1275   100   100  1100  13.3   0.1 
c R   0.0  25.0   300  89.3  1275   103   103  1100  13.6   0.1 
c +   0.0  22.9   300  96.3  1275   221   221  1210  20.3   0.1 
c +   0.0  22.6   300  98.3  1275   367   367  1331  25.8   0.2 
c N   0.0  22.4   300  98.3  1275   406   406  1331  26.5   0.2 
c +   0.0  22.1   300  99.0  1275   543   543  1464  26.3   0.2 
c +   0.0  21.5   300  99.0  1275   755   755  1610  28.5   0.2 
c +   0.0  21.1   300  99.3  1275  1011  1011  1771  28.2   0.3 
c N   0.0  21.1   300  99.7  1275  1213  1213  1771  29.6   0.3 
c +   0.0  21.1   300  99.7  1275  1320  1320  1948  30.8   0.3 
c +   0.1  20.8   300  99.7  1275  1693  1693  2142  30.2   0.4 
c +   0.1  20.5   300  99.7  1275  2144  2144  2356  29.8   0.5 
c +   0.1  20.2   300  99.7  1275  2689  1504  2591  28.6   0.4 
c N   0.1  19.9   300  99.7  1275  3219  2034  2591  29.1   0.5 
c +   0.1  19.7   300  99.7  1275  3348  2163  2850  29.8   0.5 
c +   0.2  19.2   300  99.7  1275  4145  1529  3135  30.4   0.4 
c +   0.2  18.9   300  99.7  1275  5109  2493  3448  29.5   0.5 
c +   0.2  18.5   300  99.7  1275  6275  1930  3792  29.1   0.4 
c +   0.3  18.0   300  99.7  1275  7685  3340  4171  30.8   0.6 
c N   0.3  18.0   300  99.7  1275  8037  3692  4171  29.0   0.7 
c 
c  seconds     variables   original    learned     agility
c         level        used      conflicts    limit          MB
c 
c +   0.3  17.8   300  99.7  1275  9391  2956  4588  29.7   0.6 
c +   0.3  17.4   300  99.7  1275 11455  2718  5046  31.7   0.5 
c +   0.4  17.3   300  99.7  1275 13952  2687  5550  29.9   0.5 
c +   0.4  16.9   300  99.7  1275 16973  2926  6105  31.3   0.5 
c N   0.5  16.6   300  99.7  1275 19264  5217  6105  29.8   0.9 
c +   0.5  16.4   300  99.7  1275 20628  3523  6715  30.3   0.6 
c +   0.6  16.0   300  99.7  1275 25050  4581  7386  31.0   0.7 
c +   0.7  15.4   300  99.7  1275 30400  6234  8124  30.6   1.0 
c +   0.8  15.2   300  99.7  1275 36873  4570  8936  29.3   0.7 
c +   1.0  15.0   300  99.7  1275 44705  7928  9829  26.9   1.3 
c N   1.0  14.9   300  99.7  1275 44920  8143  9829  26.2   1.3 
c +   1.2  14.7   300  99.7  1275 54181  7553 10811  27.2   1.2 
c +   1.5  14.7   300  99.7  1275 65646  8195 11892  28.5   1.3 
c +   1.8  14.4   300  99.7  1275 79518 10160 13081  29.2   1.5 
c +   2.2  13.9   300  99.7  1275 96303  7306 14389  31.3   1.1 
c N   2.4  13.9   300  99.7  1275 102e3 13616 14389  30.6   1.9 
c +   2.8  13.7   300  99.7  1275 116e3 13215 15827  30.1   1.8 
c +   4.6  13.5   300  99.7  1275 141e3 14027 17409  26.9   1.9 
c +   6.9  13.1   300  99.7  1275 170e3  8911 19149  28.8   1.4 
c +   9.6  13.0   300  99.7  1275 206e3 16141 21063  29.5   2.4 
c N  11.4  12.9   300  99.7  1275 230e3 18964 21063  27.4   2.8 
c +  13.0  12.8   300  99.7  1275 250e3 17514 23169  28.2   2.5 
c 
c  seconds     variables   original    learned     agility
c         level        used      conflicts    limit          MB
c 
c +  18.1  12.6   300  99.7  1275 303e3 12227 25485  30.1   1.7 
c s  22.9  12.3   299  99.7  1268 351e3 15052 25485  26.7   2.2 
c N  23.0  12.3   299  99.7  1268 351e3 15152 25485  29.2   2.2 
c N  23.0  12.3   299  99.7  1268 352e3 15453 25485  29.9   2.3 
c N  23.0  12.3   299  99.7  1268 352e3 16255 25485  29.5   2.4 
c N  23.2  12.3   299  99.7  1268 354e3 18259 25485  28.5   2.6 
c N  23.7  12.3   299  99.7  1268 359e3 23072 25485  27.2   3.2 
c +  24.4  12.2   299  99.7  1268 366e3 17465 28033  29.4   2.3 
c N  24.8  12.2   299  99.7  1268 370e3 21549 28033  28.2   2.9 
c N  27.2  12.2   299  99.7  1268 396e3 19145 28033  28.0   2.5 
